order 30
  -1  18  -1  28  -1  14  -1  24  -1   3   6  20  -1  13  -1  23  21  -1  -1  -1   4  22   9  25  -1  15   8   1  -1   7
  -1  17  -1   4  28  21  -1  16  -1   6  29   5  20  -1  23  -1  25   0  12  10  22  -1  14  13  18  -1  -1  -1  -1  -1
  14  -1  29  -1   3   5  18  -1  -1  13  -1  -1  -1  -1   9  26  -1  -1  11  19  24  17  21  -1  12   6  -1  -1  28  16
  -1  -1  19  -1   8  16   5  -1  15  -1  22  17  11  -1  12  -1  -1  10  25  -1  28  -1  -1  -1   1  18  14   6   2  -1
  -1  -1   3   2  -1  24  -1  -1  -1  -1  21   7  -1  -1  19  13  23   5  -1  28  29   6  -1  26  11  -1  -1   4  18  22
  -1  -1  -1  -1  16  11  -1  23  14  15   3  19  13  -1  -1  -1  -1  17  -1  -1  18   1  26  29  -1   5  -1  25   7  28
  13  11   5  22  -1  -1  -1   3  -1   1  12  23   8  -1  -1   2  16  29   7  -1   6  -1  -1  -1  19  17  -1  10  -1   4
  11  -1  -1   6  -1   0   8  29  27  24  -1  13  19  -1  18  21   9  -1  -1  25  26  -1  -1  10  -1   4  -1  -1   5  23
  -1  -1  27  -1  10  -1  -1   6  -1  -1  -1  26   2  16  17  20  -1  13  22  23  11  -1  24   8  25  21  -1  -1  15   1
   1   2  20  -1  25  -1   4   0  13  -1  -1  16  -1   5  -1  22  17   9  24  27  -1  14   8  15  26  -1  -1  -1  -1  -1
  15  27   9  -1  18  10  -1  -1  23  -1   5  -1  -1  28  22  29  -1  20   1   2   0  21  -1   4  -1  12  -1  -1  11  -1
  -1  14  12  -1   4  -1  19  -1  25  26  -1   6  21   0  -1   3  18  -1  13   9  -1  -1  10  -1   7  23  -1  -1  24  -1
   3  -1  11  20  -1  22   2  -1   6  16  -1  -1  15   4  28   8  -1  -1  -1  26  -1  -1   7   9  27   0   1  13  -1  -1
  -1  -1  15  -1  -1  20  11  18  -1  25  -1  12   7  21   1  -1  24   4  14  -1  19  -1  23  -1  -1  -1  16   5  22  -1
  17   1  28  -1  -1   8   9  27  29  -1  11  21  22  -1  -1  -1  13  -1   4  -1  -1  19   6  -1  -1  14  25  -1  16  -1
   4  23  -1   5  24  -1  -1  -1   9  18   0  -1  28   1   7  -1  29  19  -1  11  -1  27   2  -1  -1  -1  10  26  14  -1
  29   7   4  -1   6  -1  15  13  20   2  -1  -1  10   8  25  28  11  12   0  -1  -1  -1  -1   3  -1  -1  -1  21  -1  -1
  22  -1   8  26  20  -1  -1  19  24  27  -1  -1  23  -1   3  16  12  -1  -1  -1  25  -1  -1  17  28   1  13  -1  -1  21
  -1  -1  18  27  -1  -1  14  20   4  -1  25  28  -1  19  -1  -1  15  -1  -1   0  -1  11  -1  -1   8   7   6  16  23  29
   5  -1  -1  -1   1  23  -1  -1   7  -1   2  14  -1  -1  10  19  -1  -1  15   8  -1  26  29  16  -1  13   9   0  12   3
  27  13  21  29  -1   2  -1  -1   1  -1  18  -1  16   9  14  -1  -1  28  -1  22  10  -1  25  -1  -1  19  11  -1  20   0
  -1  10  -1  18  23  -1  29   7  -1   0  -1   8  -1  25  -1  -1  -1  11   2  -1  -1  15  17  21  20  -1  24  14  19   6
  12  22  14  16  -1  27  20  25  -1  -1  10  -1   1  -1  26   7  -1  -1   8   3  -1  13  11  -1   9  -1  -1  -1  -1  18
  -1   9  10  12  -1  -1  -1  -1  -1  21  23  22  25  24  11  14   0  -1   6  -1   7   5  -1  -1  15  16  17  27  -1  -1
  28  24  -1  -1  11   4   7  10  -1   8   9   2  -1  -1  -1  25   6  -1  -1  -1  13   0  -1   1  14  -1   5  15  -1  12
  20   8  -1  25  14  -1  24  -1  21  22  -1  -1  -1  26  -1  -1  -1   3  17  -1  -1  10  12   6   4  -1   2  28  -1   9
   9  28  -1  13  -1  25   3  -1   8   4  -1  -1  14  -1   5  -1  10   6  23  17  -1   7  -1  27  -1  -1  18  -1   1  20
  25   5  -1  -1  21  -1  -1  15  18  -1  17  10  -1  11  20  -1   2  16  -1   1  12  24  -1  -1  22  26  -1   3  -1  -1
  -1  -1  -1  21  -1  12   0   1  28  -1  14  -1  18  27  -1  10   3  26  -1  15  20  -1   5  11  -1  -1  19  -1  -1   8
  -1  12  23  15  29  -1  13  -1  -1  17  -1  -1  -1  14  -1  -1  -1   8   9  -1   2  25   1  24  -1  28   4  19  10   5
