39
2   1   38
4   0   2   24   29 
3   1   3   17 
3   2   13   17 
2   5   7 
4   4   6   10   30 
2   5   7 
3   4   6   8 
2   7   38 
3   10   12   31 
3   5   9   11 
2   10   12 
3   9   11   13 
3   3   12   14 
2   13   15 
5   14   16   18   20   23 
3   15   17   26 
3   2   3   16 
3   15   19   32 
2   18   33 
2   15   21 
3   20   22   34 
3   21   23   35 
2   15   22 
3   1   25   36 
4   24   26   27   28 
2   16   25 
2   25   28 
3   25   27   37 
1   1 
1   5 
1   9 
1   18 
1   19 
1   21 
1   22 
1   24 
1   28 
2   0   8 
