 100 15 3766
 51 79 73 70 53 53 51
 84 72 68 89 65 62 96
 76 78 94 63 82 61 66
 55 60 63 50 63 91 65
 64 55 80 74 95 96 56
 90 91 60 59 68 80 82
 100 70 52 79 62 51 78
 95 56 81 75 50 80 84
 83 92 54 72 57 87 84
 53 94 75 79 63 84 57
 60 92 92 60 53 72 82
 69 84 88 58 70 85 82
 55 60 93 87 95 81 67
 53 65 76 69 92 71 76
 76 61
 8 15 13 9 10 10 5
 16 14 9 14 10 11 15
 8 8 15 6 8 8 10
 8 6 10 10 10 19 10
 10 10 9 7 10 15 9
 11 13 8 12 12 15 17
 14 10 8 14 11 10 10
 18 6 9 10 9 8 12
 14 10 6 9 7 13 8
 7 11 10 8 8 14 9
 8 16 9 9 9 11 16
 11 16 17 12 10 12 12
 7 7 14 9 18 11 13
 8 7 8 9 14 8 14
 8 9
 7 10 8 11 5 5 7
 16 14 10 18 8 9 17
 14 11 16 11 15 8 13
 8 7 13 10 9 10 13
 11 10 12 14 13 16 9
 10 18 11 12 10 16 16
 14 12 6 12 10 7 11
 10 10 9 15 9 15 16
 9 14 10 12 9 11 9
 8 12 7 9 9 16 8
 11 17 13 11 10 9 13
 8 11 9 11 7 9 10
 5 9 13 10 18 13 11
 11 12 11 7 12 7 11
 13 9
 10 16 15 12 8 7 5
 8 11 12 15 11 11 18
 11 9 13 12 16 8 12
 8 10 11 9 13 11 9
 7 11 14 12 12 12 9
 11 9 11 11 13 11 14
 18 13 6 10 11 9 15
 16 7 13 10 10 15 10
 13 13 9 13 8 12 14
 6 14 15 15 12 17 10
 10 9 12 10 5 13 14
 9 17 15 9 7 8 13
 10 12 18 10 10 12 10
 9 10 15 14 18 9 12
 12 11
 10 12 9 10 8 7 9
 16 9 7 10 9 11 15
 15 15 10 8 13 12 11
 9 7 10 10 11 9 11
 9 11 15 7 12 11 7
 15 19 8 10 7 11 17
 11 11 10 12 6 8 8
 17 10 11 9 6 15 14
 9 9 8 15 7 12 9
 7 11 15 14 6 12 10
 6 19 16 8 5 13 16
 14 10 14 6 12 17 16
 7 8 13 15 17 10 13
 11 11 14 8 18 14 13
 14 11
 6 10 11 8 6 8 7
 15 8 9 9 13 10 19
 13 15 18 7 8 6 9
 7 10 9 9 7 14 7
 7 11 8 10 11 12 11
 14 15 12 11 7 9 9
 19 12 10 15 12 5 8
 10 10 12 14 5 14 17
 13 11 9 10 6 10 16
 6 15 13 10 8 9 10
 8 10 16 11 9 11 10
 14 12 13 8 14 12 9
 6 6 13 8 11 14 12
 10 11 11 9 12 14 16
 13 9
 7 14 13 11 10 9 7
 16 7 9 16 11 10 14
 7 10 13 9 14 7 12
 10 7 6 7 12 12 11
 9 8 11 15 14 19 10
 12 16 7 11 8 12 9
 13 10 9 15 12 8 14
 19 10 15 13 6 16 10
 10 13 8 7 10 11 8
 8 17 13 14 12 11 6
 9 15 11 10 10 12 8
 12 17 10 11 8 9 17
 10 7 9 9 10 12 8
 7 8 11 12 16 14 15
 15 10
 5 8 13 7 8 9 6
 16 8 11 12 11 8 16
 11 14 18 13 13 11 9
 10 12 8 7 9 13 8
 8 10 13 11 14 12 9
 12 16 6 8 12 12 8
 17 9 11 11 12 10 14
 17 8 14 7 8 13 13
 10 12 5 14 11 12 15
 6 14 12 15 6 11 8
 10 13 17 11 6 8 13
 11 17 14 7 12 13 8
 7 9 14 14 14 15 13
 10 7 11 12 16 14 12
 8 8
 10 13 7 13 5 8 8
 10 7 10 10 8 6 12
 9 13 19 6 11 9 11
 11 9 7 7 9 17 8
 6 6 16 7 10 12 7
 18 9 7 8 11 15 10
 15 12 11 11 7 6 8
 11 8 10 10 6 9 15
 9 9 6 9 9 14 13
 5 10 8 9 7 16 11
 12 15 19 11 9 7 11
 14 15 16 10 8 12 9
 10 7 16 16 17 11 13
 11 8 13 10 9 11 8
 14 12
 6 10 10 7 10 10 8
 11 14 12 12 8 10 17
 13 8 19 11 9 6 6
 6 6 11 9 13 9 8
 10 8 9 14 18 15 11
 10 14 9 10 8 9 12
 12 12 9 16 8 5 9
 15 11 10 15 5 16 16
 17 10 9 13 11 12 9
 11 15 13 14 9 16 10
 12 12 15 8 11 11 11
 10 11 17 7 10 17 11
 8 12 17 11 18 13 8
 8 9 9 12 16 12 12
 10 11
 6 10 8 9 10 7 5
 12 10 11 18 10 6 10
 10 10 15 13 11 10 8
 10 9 7 9 10 15 9
 7 8 16 12 10 11 6
 12 16 10 7 8 14 14
 15 12 11 11 12 6 12
 17 5 14 10 10 10 12
 9 12 6 11 9 15 10
 7 16 13 14 11 16 10
 9 9 18 6 7 13 14
 6 17 11 6 9 14 11
 9 10 10 13 16 10 13
 6 13 10 14 11 11 12
 13 10
 10 16 9 9 6 7 9
 8 13 6 9 7 9 16
 8 9 19 8 13 9 7
 7 6 11 7 12 14 8
 13 10 16 8 19 16 6
 10 16 6 8 10 16 11
 20 11 8 10 7 10 9
 17 8 13 14 6 15 8
 16 10 11 7 10 12 14
 6 10 11 7 6 10 6
 8 9 15 6 7 11 13
 7 13 17 11 14 15 10
 7 8 18 8 17 16 7
 7 8 7 10 19 12 9
 13 12
 5 12 14 12 8 10 9
 9 13 8 15 7 9 13
 15 11 10 10 10 9 8
 8 6 10 5 8 11 9
 13 11 14 9 15 18 9
 14 9 12 7 7 9 15
 13 11 8 15 10 9 14
 13 10 10 11 10 9 17
 9 14 10 9 11 18 8
 10 15 9 15 8 13 11
 10 14 14 10 10 13 8
 13 13 16 9 7 12 14
 8 6 17 14 9 15 6
 7 6 9 7 11 7 12
 13 10
 9 12 12 14 6 10 5
 17 11 12 15 11 11 17
 8 12 14 12 10 11 10
 8 9 9 10 6 11 7
 11 8 11 11 19 18 6
 14 13 7 9 7 16 13
 15 9 7 12 7 6 12
 16 9 12 12 6 12 17
 8 16 8 10 7 9 13
 10 17 12 10 7 13 7
 7 11 11 6 10 15 9
 8 16 12 10 8 11 15
 7 11 14 16 10 9 13
 5 11 9 9 15 13 8
 8 12
 8 12 9 11 6 11 8
 9 12 9 14 8 7 17
 11 15 14 11 8 8 11
 10 8 10 8 7 18 10
 11 9 11 9 12 16 6
 13 16 6 10 13 10 13
 12 8 9 10 11 5 15
 13 10 8 9 7 15 12
 15 12 5 9 7 14 13
 5 18 7 14 13 16 9
 8 10 17 6 11 12 9
 13 14 9 11 13 8 16
 8 10 11 9 12 12 9
 5 10 11 7 14 10 9
 9 7
 9 11 13 7 5 11 8
 17 11 7 13 13 10 19
 13 11 17 6 10 8 13
 7 6 10 6 11 15 8
 12 5 15 11 18 12 10
 13 13 10 12 13 14 15
 10 10 8 10 6 8 16
 14 11 8 14 9 8 14
 12 16 10 7 9 14 15
 7 18 9 9 9 16 10
 12 11 19 12 11 9 15
 8 17 13 7 12 16 15
 10 7 12 11 12 17 7
 6 9 13 9 9 11 14
 15 10
 534 550 572 556 533 551 552
 521 556 538 531 538 540 528
 562