200
5 129 34 180 65 198 
5 6 164 69 50 2 
5 1 19 72 113 161 
5 25 73 132 106 173 
5 147 141 12 180 142 
5 67 66 36 81 188 
5 143 170 94 1 43 
5 89 25 159 93 169 
5 175 23 136 103 148 
5 70 199 149 158 166 
5 109 196 133 18 42 
5 80 90 140 184 43 
5 90 75 143 148 4 
5 117 44 64 98 26 
5 191 119 97 188 44 
5 147 66 177 121 150 
5 187 27 122 81 157 
5 22 118 156 171 74 
5 88 168 198 101 10 
5 120 42 2 158 115 
5 183 167 174 110 45 
5 54 109 52 198 115 
5 164 29 167 79 17 
5 108 136 8 194 172 
5 35 193 181 45 175 
5 60 7 3 157 71 
5 13 158 48 37 177 
5 161 78 71 16 59 
5 30 185 152 56 32 
5 47 79 71 155 22 
5 182 135 118 127 28 
5 143 77 55 171 184 
5 28 186 77 112 120 
5 194 190 179 82 146 
5 0 50 93 87 123 
5 193 24 148 131 160 
5 150 51 82 140 5 
5 26 89 52 160 146 
5 119 100 134 150 78 
5 136 93 99 86 113 
5 64 83 63 125 65 
5 199 149 93 195 153 
5 145 116 19 82 10 
5 111 11 64 6 105 
5 131 164 14 147 13 
5 20 74 142 117 24 
5 71 151 80 59 184 
5 29 74 198 182 115 
5 153 121 58 26 185 
5 116 87 187 139 161 
5 58 116 34 1 92 
5 142 117 101 36 162 
5 68 21 169 119 37 
5 150 158 153 191 111 
5 105 21 126 75 100 
5 199 166 31 180 114 
5 92 28 78 140 82 
5 189 176 89 156 58 
5 57 50 48 146 86 
5 46 27 126 194 135 
5 137 124 25 83 159 
5 134 185 118 147 94 
5 131 126 166 165 87 
5 130 40 70 95 98 
5 40 13 83 155 43 
5 132 150 0 40 140 
5 5 191 72 15 111 
6 104 5 154 96 131 189 
6 105 87 169 131 52 192 
6 106 122 197 179 1 109 
6 9 198 63 192 127 140 
6 29 46 25 163 27 103 
6 66 2 144 85 176 125 
6 195 170 125 159 77 3 
6 167 17 162 158 45 47 
6 191 197 12 111 181 54 
6 150 183 107 154 174 92 
6 129 138 32 184 73 31 
6 38 96 27 187 182 56 
6 22 29 80 143 130 181 
6 11 164 46 141 147 79 
6 162 102 103 5 16 141 
6 157 36 42 143 33 56 
6 195 169 64 40 178 60 
6 156 120 124 163 181 160 
6 138 72 91 159 182 137 
6 39 182 58 94 186 110 
6 49 161 184 68 62 34 
6 18 178 175 115 199 161 
6 136 7 57 116 37 192 
6 144 175 12 194 11 163 
6 98 186 128 107 85 174 
6 76 56 50 165 179 141 
6 7 41 34 152 170 39 
6 61 6 128 186 86 126 
6 189 154 180 117 63 134 
6 169 78 197 67 189 192 
6 116 178 177 193 139 14 
6 107 13 129 91 112 63 
6 145 39 174 149 139 102 
6 188 146 169 54 38 106 
6 175 134 18 195 139 51 
6 104 167 99 137 128 81 
6 8 71 181 141 179 81 
6 106 115 137 102 67 196 
6 189 43 68 181 54 144 
6 69 107 100 104 123 3 
6 181 172 76 91 106 98 
6 177 176 136 165 23 149 
6 69 187 193 135 10 21 
6 190 167 127 86 155 20 
6 66 180 43 162 75 53 
6 176 98 172 179 155 32 
6 186 159 2 39 132 127 
6 145 193 130 124 144 55 
6 104 21 47 88 19 164 
6 49 42 118 97 89 50 
6 45 51 13 133 135 95 
6 30 149 17 175 61 116 
6 190 194 158 14 52 38 
6 123 84 151 196 32 19 
6 131 162 152 15 48 195 
6 69 134 165 167 16 130 
6 168 34 172 120 199 106 
6 114 182 60 185 171 84 
6 151 40 72 191 73 199 
6 62 54 188 94 59 183 
6 113 30 70 110 178 183 
6 168 156 102 94 91 169 
6 152 98 188 0 77 146 
6 132 114 196 79 63 122 
6 68 67 121 62 44 35 
6 113 65 130 185 145 3 
6 144 10 174 178 183 117 
7 175 140 122 101 61 95 38 
7 164 142 30 163 117 59 109 
7 23 8 187 89 39 108 171 
7 85 104 102 170 199 192 60 
7 166 173 197 190 85 144 77 
7 97 196 172 142 101 49 99 
7 36 134 194 70 56 65 11 
7 92 4 81 159 170 80 103 
7 139 51 176 170 45 4 135 
7 175 12 79 191 82 6 31 
7 90 72 160 133 138 105 114 
7 99 114 132 42 155 197 194 
7 33 58 37 176 100 156 129 
7 15 80 4 61 44 190 198 
7 8 182 179 189 12 187 35 
7 108 9 118 41 173 178 99 
7 76 65 36 53 38 194 15 
7 167 120 46 191 125 196 162 
7 178 129 28 195 121 93 153 
7 41 152 48 154 181 166 53 
7 76 190 176 67 95 174 153 
7 112 110 64 145 190 29 158 
7 128 188 84 146 17 57 193 
7 168 25 185 173 16 187 82 
7 19 53 119 74 155 26 9 
7 85 73 60 7 141 113 168 
7 173 37 144 84 163 174 35 
7 170 49 88 190 27 87 2 
7 74 195 51 81 111 121 151 
7 71 196 84 90 135 160 177 
7 135 186 44 115 80 22 1 
7 108 92 186 122 197 62 182 
7 138 180 184 62 55 153 9 
7 22 102 151 110 20 122 74 
7 197 192 128 18 159 157 123 
7 83 96 68 128 7 52 100 
7 141 161 73 93 142 137 6 
7 184 31 136 172 124 180 17 
7 107 176 139 171 23 123 112 
7 3 177 198 138 160 149 157 
7 91 154 99 133 20 76 160 
8 143 90 101 88 134 8 24 118 
8 146 57 142 108 172 72 112 154 
8 97 15 198 108 26 173 163 189 
8 127 88 97 133 195 149 152 83 
8 103 184 192 92 69 112 33 148 
8 55 166 197 95 0 171 111 4 
8 75 24 107 84 103 105 79 153 
8 124 85 86 165 47 78 30 148 
8 199 126 188 133 196 20 76 127 
8 31 171 179 11 46 87 77 166 
8 48 61 124 187 189 157 132 28 
8 193 113 164 32 91 94 86 165 
8 49 157 148 109 136 16 185 78 
8 14 100 156 129 183 193 5 126 
8 148 57 96 185 177 67 95 105 
8 119 154 155 33 110 138 147 161 
8 53 66 151 143 125 14 75 192 
8 179 137 68 96 70 89 191 168 
8 109 186 188 24 97 35 114 156 
8 59 119 150 145 23 33 140 90 
8 83 152 121 73 101 41 178 162 
8 151 183 139 130 163 10 104 120 
8 145 69 168 96 165 180 138 75 
8 173 147 0 18 21 47 177 70 
8 88 125 9 55 183 137 41 123 
