180
7 1 3 17 32 39 118 130 
8 0 2 8 12 27 62 65 165 
8 1 4 29 42 99 126 131 139 
5 0 5 9 19 44 
4 2 6 43 50 
4 3 7 19 143 
7 4 20 42 50 138 153 179 
7 5 11 16 34 71 112 155 
6 1 32 44 84 97 110 
6 3 10 15 25 81 107 
5 9 14 31 62 143 
6 7 16 49 54 88 176 
5 1 13 22 30 90 
4 12 15 107 137 
5 10 45 102 108 116 
7 9 13 18 19 80 108 142 
8 7 11 23 28 30 46 74 107 
8 0 21 36 48 61 149 151 163 
5 15 24 73 89 149 
4 3 5 15 54 
5 6 26 58 114 126 
5 17 115 121 147 152 
8 12 33 52 59 102 103 138 146 
5 16 29 39 51 116 
5 18 38 47 155 158 
5 9 31 35 128 151 
6 20 53 55 64 156 157 
6 1 62 109 119 123 136 
7 16 43 45 64 149 158 166 
7 2 23 31 34 115 121 162 
6 12 16 50 78 116 155 
8 10 25 29 43 76 118 124 150 
4 0 8 121 151 
8 22 36 56 60 90 103 142 161 
5 7 29 37 91 144 
4 25 71 84 130 
5 17 33 44 56 68 
7 34 41 51 74 123 148 175 
5 24 39 95 112 170 
5 0 23 38 40 57 
5 39 52 94 128 160 
6 37 67 72 134 147 152 
5 2 6 86 97 127 
6 4 28 31 53 106 166 
7 3 8 36 63 69 115 172 
3 14 28 143 
7 16 97 122 124 145 150 169 
6 24 62 69 70 75 144 
6 17 66 105 160 163 177 
5 11 54 68 111 146 
5 4 6 30 89 93 
7 23 37 59 93 103 117 138 
5 22 40 86 120 165 
5 26 43 75 132 159 
7 11 19 49 62 82 171 174 
5 26 63 66 67 119 
3 33 36 121 
5 39 79 114 122 139 
6 20 81 113 136 139 169 
6 22 51 91 132 150 156 
5 33 89 95 108 162 
4 17 67 164 170 
7 1 10 27 47 54 70 140 
7 44 55 65 74 92 124 156 
7 26 28 81 130 131 136 148 
5 1 63 84 94 155 
8 48 55 83 104 136 140 156 179 
6 41 55 61 104 122 168 
4 36 49 82 148 
5 44 47 85 103 129 
7 47 62 73 95 129 146 177 
5 7 35 109 137 179 
7 41 90 98 122 127 129 135 
6 18 70 77 86 131 174 
7 16 37 63 86 87 111 178 
5 47 53 77 119 139 
4 31 85 118 147 
6 73 75 101 138 162 172 
4 30 94 138 163 
6 57 85 92 127 154 167 
5 15 130 158 159 162 
5 9 58 64 115 120 
4 54 68 140 155 
5 66 92 98 140 156 
5 8 35 65 140 165 
6 69 76 79 113 125 161 
5 42 52 73 74 127 
4 74 96 127 163 
5 11 99 104 146 164 
4 18 50 60 110 
6 12 33 72 104 170 177 
6 34 59 96 100 137 172 
5 63 79 83 117 135 
4 50 51 126 135 
7 40 65 78 98 116 141 178 
5 38 60 70 105 133 
4 87 91 99 109 
7 8 42 46 112 134 139 162 
5 72 83 94 107 165 
5 2 88 96 128 168 
6 91 111 142 153 169 172 
5 77 114 122 136 154 
5 14 22 106 110 146 
6 22 33 51 69 153 175 
8 66 67 88 90 133 149 156 179 
4 48 95 139 149 
4 43 102 124 134 
4 9 13 16 98 
6 14 15 60 129 148 164 
5 27 71 96 141 179 
4 8 89 102 138 
5 49 74 100 133 178 
6 7 38 97 116 154 161 
5 58 85 114 131 179 
5 20 57 101 113 143 
6 21 29 44 81 120 143 
8 14 23 30 94 112 128 151 152 
5 51 92 159 175 176 
5 0 31 76 150 173 
8 27 55 75 131 146 149 168 173 
5 52 81 115 140 174 
6 21 29 32 56 125 127 
5 46 57 67 72 101 
6 27 37 145 158 165 169 
6 31 46 63 106 168 173 
6 85 121 134 164 169 176 
6 2 20 93 147 170 175 
7 42 72 79 86 87 121 175 
6 25 40 99 116 141 163 
6 69 70 72 108 143 151 
4 0 35 64 80 
7 2 64 73 113 119 169 174 
3 53 59 141 
5 95 104 111 145 146 
6 41 97 106 125 142 171 
5 72 92 93 137 155 
6 27 58 64 66 101 150 
4 13 71 91 135 
6 6 22 51 77 78 110 
7 2 57 58 75 97 105 153 
7 62 66 82 83 84 120 160 
5 94 109 128 132 154 
6 15 33 100 134 144 176 
6 5 10 45 114 115 129 
5 34 47 142 150 167 
5 46 123 133 151 161 
8 22 49 70 88 102 119 133 178 
6 21 41 76 126 152 157 
6 37 64 68 108 160 177 
6 17 18 28 104 105 119 
6 31 46 59 118 136 144 
6 17 25 32 116 129 145 
4 21 41 116 147 
5 6 100 103 139 174 
4 79 101 112 141 
7 7 24 30 65 82 135 168 
7 26 59 63 66 83 104 167 
3 26 147 176 
4 24 28 80 123 
4 53 80 117 170 
4 40 48 140 148 
5 33 85 112 145 173 
6 29 60 77 80 97 171 
6 17 48 78 87 128 171 
5 61 88 108 125 167 
5 1 52 84 98 123 
4 28 43 170 177 
4 79 144 156 164 
5 67 99 119 124 155 
6 46 58 100 123 125 131 
6 38 61 90 126 159 166 
4 54 134 162 163 
5 44 77 91 100 178 
4 118 119 124 161 
5 54 73 120 131 153 
5 37 103 117 126 127 
5 11 117 125 142 157 
5 48 70 90 148 166 
5 74 94 111 146 172 
6 6 66 71 104 109 113 
